# This file was generated by Animated Java via MC-Build. It is not recommended to edit this file directly.
$data merge entity $(bone_h_head) { transformation: [-0.9542087038010363f,-0.13078413554161236f,0.2690376543924277f,0f,-0.13539177563421004f,0.9907910929852564f,0.0014412327004611931f,1.5f,-0.2667486020225072f,-0.03505024895367098f,-0.9631285809108375f,0f,0f,0f,0f,1f], start_interpolation: 0, interpolation_duration: 1 }
$data merge entity $(bone_right_arm) { transformation: [-0.9947386378799533f,0.1024453137470675f,1.2246467991473532e-16f,-0.25f,0.1024453137470675f,0.9947386378799533f,0f,1.375f,-1.218203488867883e-16f,1.2545932556799255e-17f,-1f,-3.061616997868383e-17f,0f,0f,0f,1f], start_interpolation: 0, interpolation_duration: 1 }
$data merge entity $(bone_left_arm) { transformation: [-0.9992044807118243f,-0.03987989124124382f,1.2246467991473532e-16f,0.25f,-0.03987989124124382f,0.9992044807118243f,0f,1.375f,-1.223672568997429e-16f,-4.8838781158933804e-18f,-1f,3.061616997868383e-17f,0f,0f,0f,1f], start_interpolation: 0, interpolation_duration: 1 }