# This file was generated by Animated Java via MC-Build. It is not recommended to edit this file directly.
$data merge entity $(bone_h_head) { transformation: [-0.952145263047675f,-0.1335003107489589f,0.27494920455568744f,0f,-0.13819244381620388f,0.9904026625344405f,0.0023269114285945705f,1.5f,-0.272621067652482f,-0.03578034480860395f,-0.9614559378345938f,0f,0f,0f,0f,1f], start_interpolation: 0, interpolation_duration: 1 }
$data merge entity $(bone_right_arm) { transformation: [-0.9941802486890847f,0.10772944405551184f,1.2246467991473532e-16f,-0.25f,0.10772944405551184f,0.9941802486890847f,0f,1.375f,-1.217519659332607e-16f,1.3193051883650643e-17f,-1f,-3.061616997868383e-17f,0f,0f,0f,1f], start_interpolation: 0, interpolation_duration: 1 }
$data merge entity $(bone_left_arm) { transformation: [-0.9989386570101713f,-0.04606039004085223f,1.2246467991473532e-16f,0.25f,-0.04606039004085223f,0.9989386570101713f,0f,1.375f,-1.223347028852062e-16f,-5.640770923100831e-18f,-1f,3.061616997868383e-17f,0f,0f,0f,1f], start_interpolation: 0, interpolation_duration: 1 }