# This file was generated by Animated Java via MC-Build. It is not recommended to edit this file directly.
$data merge entity $(bone_h_head) { transformation: [-0.951298738703455f,-0.13459538806766663f,0.2773351605046318f,0f,-0.13931981916102798f,0.9902437699056011f,0.0026952090978804646f,1.5f,-0.2749921775799343f,-0.03607433539314421f,-0.9607694544456484f,0f,0f,0f,0f,1f], start_interpolation: 0, interpolation_duration: 1 }
$data merge entity $(bone_right_arm) { transformation: [-0.9936397303908182f,0.11260588878412248f,1.2246467991473532e-16f,-0.25f,0.11260588878412248f,0.9936397303908182f,0f,1.375f,-1.2168577153287545e-16f,1.3790244126461843e-17f,-1f,-3.061616997868383e-17f,0f,0f,0f,1f], start_interpolation: 0, interpolation_duration: 1 }
$data merge entity $(bone_left_arm) { transformation: [-0.9986254720401179f,-0.05241341996713937f,1.2246467991473532e-16f,0.25f,-0.05241341996713937f,0.9986254720401179f,0f,1.375f,-1.222963487880945e-16f,-6.41879269951232e-18f,-1f,3.061616997868383e-17f,0f,0f,0f,1f], start_interpolation: 0, interpolation_duration: 1 }