# This file was generated by Animated Java via MC-Build. It is not recommended to edit this file directly.
$data merge entity $(bone_h_head) { transformation: [-0.9514328730382902f,-0.1344225939756861f,0.2769585787278538f,0f,-0.13914199834251503f,0.9902689292790342f,0.0026366649022362236f,1.5f,-0.2746179025470781f,-0.036027960439122514f,-0.9608782408126644f,0f,0f,0f,0f,1f], start_interpolation: 0, interpolation_duration: 1 }
$data merge entity $(bone_right_arm) { transformation: [-0.9931298632618354f,0.11701741194167739f,1.2246467991473532e-16f,-0.25f,0.11701741194167739f,0.9931298632618354f,0f,1.375f,-1.2162333081812553e-16f,1.4330499897888248e-17f,-1f,-3.061616997868383e-17f,0f,0f,0f,1f], start_interpolation: 0, interpolation_duration: 1 }
$data merge entity $(bone_left_arm) { transformation: [-0.998265039310368f,-0.05888048310492538f,1.2246467991473532e-16f,0.25f,-0.05888048310492538f,0.998265039310368f,0f,1.375f,-1.2225220850921489e-16f,-7.210779516669668e-18f,-1f,3.061616997868383e-17f,0f,0f,0f,1f], start_interpolation: 0, interpolation_duration: 1 }