# This file was generated by Animated Java via MC-Build. It is not recommended to edit this file directly.
$data merge entity $(bone_h_head) { transformation: [-0.9522782746335351f,-0.1333272485879633f,0.27457227180642446f,0f,-0.1380141823969389f,0.9904276529571732f,0.002269298360682105f,1.5f,-0.27224653003901095f,-0.03573386407469469f,-0.9615637877124997f,0f,0f,0f,0f,1f], start_interpolation: 0, interpolation_duration: 1 }
$data merge entity $(bone_right_arm) { transformation: [-0.9926638528881819f,0.12090688635966938f,1.2246467991473532e-16f,-0.25f,0.12090688635966938f,0.9926638528881819f,0f,1.375f,-1.2156626100687911e-16f,1.480682313752419e-17f,-1f,-3.061616997868383e-17f,0f,0f,0f,1f], start_interpolation: 0, interpolation_duration: 1 }
$data merge entity $(bone_left_arm) { transformation: [-0.9978589232386035f,-0.06540312923014306f,1.2246467991473532e-16f,0.25f,-0.06540312923014306f,0.9978589232386035f,0f,1.375f,-1.2220247363447802e-16f,-8.00957328659154e-18f,-1f,3.061616997868383e-17f,0f,0f,0f,1f], start_interpolation: 0, interpolation_duration: 1 }