# This file was generated by Animated Java via MC-Build. It is not recommended to edit this file directly.
$data merge entity $(bone_h_head) { transformation: [-0.9535548992609355f,-0.1316521303373465f,0.27092576598231755f,0f,-0.13628743304391713f,0.990667844091609f,0.00171996429705807f,1.5f,-0.26862388145838223f,-0.035283696809173454f,-0.9625987071722626f,0f,0f,0f,0f,1f], start_interpolation: 0, interpolation_duration: 1 }
$data merge entity $(bone_right_arm) { transformation: [-0.9922550444993259f,0.12421725590931762f,1.2246467991473532e-16f,-0.25f,0.12421725590931762f,0.9922550444993259f,0f,1.375f,-1.215161964183914e-16f,1.5212226484821346e-17f,-1f,-3.061616997868383e-17f,0f,0f,0f,1f], start_interpolation: 0, interpolation_duration: 1 }
$data merge entity $(bone_left_arm) { transformation: [-0.9974101887691522f,-0.07192298199799668f,1.2246467991473532e-16f,0.25f,-0.07192298199799668f,0.9974101887691522f,0f,1.375f,-1.2214751951130996e-16f,-8.808024968897934e-18f,-1f,3.061616997868383e-17f,0f,0f,0f,1f], start_interpolation: 0, interpolation_duration: 1 }