# This file was generated by Animated Java via MC-Build. It is not recommended to edit this file directly.
$data merge entity $(bone_h_head) { transformation: [-0.9549873929788933f,-0.1297411417047559f,0.2667701546285178f,0f,-0.1343147475930805f,0.9909380973904028f,0.0011116291177637808f,1.5f,-0.26449693349901787f,-0.03476957419116376f,-0.963759538930838f,0f,0f,0f,0f,1f], start_interpolation: 0, interpolation_duration: 1 }
$data merge entity $(bone_right_arm) { transformation: [-0.9919166044403294f,0.12689148842837045f,1.2246467991473532e-16f,-0.25f,0.12689148842837045f,0.9919166044403294f,0f,1.375f,-1.2147474946489606e-16f,1.5539725514284727e-17f,-1f,-3.061616997868383e-17f,0f,0f,0f,1f], start_interpolation: 0, interpolation_duration: 1 }
$data merge entity $(bone_left_arm) { transformation: [-0.9969234168207118f,-0.07838176442590043f,1.2246467991473532e-16f,0.25f,-0.07838176442590043f,0.9969234168207118f,0f,1.375f,-1.2208790714045274e-16f,-9.598997691570084e-18f,-1f,3.061616997868383e-17f,0f,0f,0f,1f], start_interpolation: 0, interpolation_duration: 1 }