# This file was generated by Animated Java via MC-Build. It is not recommended to edit this file directly.
$data merge entity $(bone_h_head) { transformation: [-0.9563134167301519f,-0.12794129114276323f,0.26286056190046f,0f,-0.13245419527360916f,0.991188971135763f,0.0005564649568241299f,1.5f,-0.26061568474733726f,-0.034284829291543084f,-0.9648336723726667f,0f,0f,0f,0f,1f], start_interpolation: 0, interpolation_duration: 1 }
$data merge entity $(bone_right_arm) { transformation: [-0.9916611687008252f,0.12887252030946503f,1.2246467991473532e-16f,-0.25f,0.12887252030946503f,0.9916611687008252f,0f,1.375f,-1.214434676088189e-16f,1.578233194950386e-17f,-1f,-3.061616997868383e-17f,0f,0f,0f,1f], start_interpolation: 0, interpolation_duration: 1 }
$data merge entity $(bone_left_arm) { transformation: [-0.9964046856445924f,-0.08472132214207342f,1.2246467991473532e-16f,0.25f,-0.08472132214207342f,0.9964046856445924f,0f,1.375f,-1.2202438089300746e-16f,-1.03753695980822e-17f,-1f,3.061616997868383e-17f,0f,0f,0f,1f], start_interpolation: 0, interpolation_duration: 1 }