# This file was generated by Animated Java via MC-Build. It is not recommended to edit this file directly.
$data merge entity $(bone_h_head) { transformation: [-0.9572849108010199f,-0.126602985475938f,0.2599563109856403f,0f,-0.13106919989296056f,0.9913732096828988f,0.00015479808230741895f,1.5f,-0.25773332029852614f,-0.0339240798195997f,-0.9656203666122058f,0f,0f,0f,0f,1f], start_interpolation: 0, interpolation_duration: 1 }
$data merge entity $(bone_right_arm) { transformation: [-0.9915004583192469f,0.13010319424488861f,1.2246467991473532e-16f,-0.25f,0.13010319424488861f,0.9915004583192469f,0f,1.375f,-1.2142378626337994e-16f,1.593304603908492e-17f,-1f,-3.061616997868383e-17f,0f,0f,0f,1f], start_interpolation: 0, interpolation_duration: 1 }
$data merge entity $(bone_left_arm) { transformation: [-0.9958615182132943f,-0.09088364287325079f,1.2246467991473532e-16f,0.25f,-0.09088364287325079f,0.9958615182132943f,0f,1.375f,-1.2195786206739344e-16f,-1.1130036233957774e-17f,-1f,3.061616997868383e-17f,0f,0f,0f,1f], start_interpolation: 0, interpolation_duration: 1 }