# This file was generated by Animated Java via MC-Build. It is not recommended to edit this file directly.
$data merge entity $(bone_h_head) { transformation: [-0.9576621969425478f,-0.12607862007252021f,0.2588190451025233f,0f,-0.13052619222005388f,0.9914448613738102f,-3.833738881908744e-15f,1.5f,-0.2566048122925726f,-0.033782664431266415f,-0.9659258262890676f,0f,0f,0f,0f,1f], start_interpolation: 0, interpolation_duration: 1 }
$data merge entity $(bone_right_arm) { transformation: [-0.9914448613738104f,0.13052619222005157f,1.2246467991473532e-16f,-0.25f,0.13052619222005157f,0.9914448613738104f,0f,1.375f,-1.2141697760125282e-16f,1.5984848350717833e-17f,-1f,-3.061616997868383e-17f,0f,0f,0f,1f], start_interpolation: 0, interpolation_duration: 1 }
$data merge entity $(bone_left_arm) { transformation: [-0.9953027957931658f,-0.09681087070317908f,1.2246467991473532e-16f,0.25f,-0.09681087070317908f,0.9953027957931658f,0f,1.375f,-1.2188943830505124e-16f,-1.1855912292931652e-17f,-1f,3.061616997868383e-17f,0f,0f,0f,1f], start_interpolation: 0, interpolation_duration: 1 }