# This file was generated by Animated Java via MC-Build. It is not recommended to edit this file directly.
$data merge entity $(bone_h_head) { transformation: [-0.9572849108010199f,-0.126602985475938f,0.25995631098564037f,0f,-0.13106919989296056f,0.9913732096828988f,0.0001547980823074259f,1.5f,-0.2577333202985262f,-0.0339240798195997f,-0.9656203666122058f,0f,0f,0f,0f,1f], start_interpolation: 0, interpolation_duration: 1 }
$data merge entity $(bone_right_arm) { transformation: [-0.991568287215603f,0.12958522982313808f,1.2246467991473532e-16f,-0.25f,0.12958522982313808f,0.991568287215603f,0f,1.375f,-1.2143209290746115e-16f,1.586961369196802e-17f,-1f,-3.061616997868383e-17f,0f,0f,0f,1f], start_interpolation: 0, interpolation_duration: 1 }
$data merge entity $(bone_left_arm) { transformation: [-0.9947386378799533f,-0.1024453137470675f,1.2246467991473532e-16f,0.25f,-0.1024453137470675f,0.9947386378799533f,0f,1.375f,-1.218203488867883e-16f,-1.2545932556799255e-17f,-1f,3.061616997868383e-17f,0f,0f,0f,1f], start_interpolation: 0, interpolation_duration: 1 }