# This file was generated by Animated Java via MC-Build. It is not recommended to edit this file directly.
$data merge entity $(bone_h_head) { transformation: [-0.9563134167301519f,-0.12794129114276326f,0.26286056190046f,0f,-0.1324541952736092f,0.991188971135763f,0.0005564649568241369f,1.5f,-0.26061568474733726f,-0.034284829291543084f,-0.9648336723726667f,0f,0f,0f,0f,1f], start_interpolation: 0, interpolation_duration: 1 }
$data merge entity $(bone_right_arm) { transformation: [-0.9919166044403294f,0.12689148842837042f,1.2246467991473532e-16f,-0.25f,0.12689148842837042f,0.9919166044403294f,0f,1.375f,-1.2147474946489606e-16f,1.5539725514284724e-17f,-1f,-3.061616997868383e-17f,0f,0f,0f,1f], start_interpolation: 0, interpolation_duration: 1 }
$data merge entity $(bone_left_arm) { transformation: [-0.9941802486890847f,-0.10772944405551184f,1.2246467991473532e-16f,0.25f,-0.10772944405551184f,0.9941802486890847f,0f,1.375f,-1.217519659332607e-16f,-1.3193051883650643e-17f,-1f,3.061616997868383e-17f,0f,0f,0f,1f], start_interpolation: 0, interpolation_duration: 1 }