# This file was generated by Animated Java via MC-Build. It is not recommended to edit this file directly.
$data merge entity $(bone_h_head) { transformation: [-0.9549873929788933f,-0.1297411417047559f,0.2667701546285178f,0f,-0.1343147475930805f,0.9909380973904028f,0.0011116291177637808f,1.5f,-0.26449693349901787f,-0.03476957419116376f,-0.963759538930838f,0f,0f,0f,0f,1f], start_interpolation: 0, interpolation_duration: 1 }
$data merge entity $(bone_right_arm) { transformation: [-0.99245146739887f,0.12263802370321199f,1.2246467991473532e-16f,-0.25f,0.12263802370321199f,0.99245146739887f,0f,1.375f,-1.2154025128591198e-16f,1.5018826318189578e-17f,-1f,-3.061616997868383e-17f,0f,0f,0f,1f], start_interpolation: 0, interpolation_duration: 1 }
$data merge entity $(bone_left_arm) { transformation: [-0.9936397303908182f,-0.11260588878412248f,1.2246467991473532e-16f,0.25f,-0.11260588878412248f,0.9936397303908182f,0f,1.375f,-1.2168577153287545e-16f,-1.3790244126461843e-17f,-1f,3.061616997868383e-17f,0f,0f,0f,1f], start_interpolation: 0, interpolation_duration: 1 }