# This file was generated by Animated Java via MC-Build. It is not recommended to edit this file directly.
$data merge entity $(bone_h_head) { transformation: [-0.9535548992609355f,-0.1316521303373465f,0.27092576598231755f,0f,-0.13628743304391713f,0.990667844091609f,0.00171996429705807f,1.5f,-0.26862388145838223f,-0.035283696809173454f,-0.9625987071722626f,0f,0f,0f,0f,1f], start_interpolation: 0, interpolation_duration: 1 }
$data merge entity $(bone_right_arm) { transformation: [-0.9931298632618354f,0.11701741194167743f,1.2246467991473532e-16f,-0.25f,0.11701741194167743f,0.9931298632618354f,0f,1.375f,-1.2162333081812553e-16f,1.4330499897888254e-17f,-1f,-3.061616997868383e-17f,0f,0f,0f,1f], start_interpolation: 0, interpolation_duration: 1 }
$data merge entity $(bone_left_arm) { transformation: [-0.9931298632618354f,-0.11701741194167739f,1.2246467991473532e-16f,0.25f,-0.11701741194167739f,0.9931298632618354f,0f,1.375f,-1.2162333081812553e-16f,-1.4330499897888248e-17f,-1f,3.061616997868383e-17f,0f,0f,0f,1f], start_interpolation: 0, interpolation_duration: 1 }