# This file was generated by Animated Java via MC-Build. It is not recommended to edit this file directly.
$data merge entity $(bone_h_head) { transformation: [-0.9514328730382902f,-0.1344225939756861f,0.27695857872785384f,0f,-0.13914199834251503f,0.9902689292790342f,0.0026366649022362305f,1.5f,-0.27461790254707813f,-0.036027960439122514f,-0.9608782408126644f,0f,0f,0f,0f,1f], start_interpolation: 0, interpolation_duration: 1 }
$data merge entity $(bone_right_arm) { transformation: [-0.9947386378799533f,0.10244531374706747f,1.2246467991473532e-16f,-0.25f,0.10244531374706747f,0.9947386378799533f,0f,1.375f,-1.218203488867883e-16f,1.2545932556799252e-17f,-1f,-3.061616997868383e-17f,0f,0f,0f,1f], start_interpolation: 0, interpolation_duration: 1 }
$data merge entity $(bone_left_arm) { transformation: [-0.9922550444993259f,-0.12421725590931762f,1.2246467991473532e-16f,0.25f,-0.12421725590931762f,0.9922550444993259f,0f,1.375f,-1.215161964183914e-16f,-1.5212226484821346e-17f,-1f,3.061616997868383e-17f,0f,0f,0f,1f], start_interpolation: 0, interpolation_duration: 1 }