# This file was generated by Animated Java via MC-Build. It is not recommended to edit this file directly.
$data merge entity $(bone_h_head) { transformation: [-0.951298738703455f,-0.13459538806766663f,0.2773351605046318f,0f,-0.13931981916102798f,0.9902437699056011f,0.0026952090978804646f,1.5f,-0.2749921775799343f,-0.03607433539314421f,-0.9607694544456484f,0f,0f,0f,0f,1f], start_interpolation: 0, interpolation_duration: 1 }
$data merge entity $(bone_right_arm) { transformation: [-0.9955834962932416f,0.09388025302759374f,1.2246467991473532e-16f,-0.25f,0.09388025302759374f,0.9955834962932416f,0f,1.375f,-1.2192381420194492e-16f,1.149701513733863e-17f,-1f,-3.061616997868383e-17f,0f,0f,0f,1f], start_interpolation: 0, interpolation_duration: 1 }
$data merge entity $(bone_left_arm) { transformation: [-0.9919166044403294f,-0.12689148842837045f,1.2246467991473532e-16f,0.25f,-0.12689148842837045f,0.9919166044403294f,0f,1.375f,-1.2147474946489606e-16f,-1.5539725514284727e-17f,-1f,3.061616997868383e-17f,0f,0f,0f,1f], start_interpolation: 0, interpolation_duration: 1 }