# This file was generated by Animated Java via MC-Build. It is not recommended to edit this file directly.
$data merge entity $(bone_h_head) { transformation: [-0.952145263047675f,-0.1335003107489589f,0.27494920455568744f,0f,-0.13819244381620388f,0.9904026625344405f,0.0023269114285945705f,1.5f,-0.272621067652482f,-0.03578034480860395f,-0.9614559378345938f,0f,0f,0f,0f,1f], start_interpolation: 0, interpolation_duration: 1 }
$data merge entity $(bone_right_arm) { transformation: [-0.9964046856445924f,0.08472132214207344f,1.2246467991473532e-16f,-0.25f,0.08472132214207344f,0.9964046856445924f,0f,1.375f,-1.2202438089300746e-16f,1.0375369598082202e-17f,-1f,-3.061616997868383e-17f,0f,0f,0f,1f], start_interpolation: 0, interpolation_duration: 1 }
$data merge entity $(bone_left_arm) { transformation: [-0.9916611687008252f,-0.12887252030946503f,1.2246467991473532e-16f,0.25f,-0.12887252030946503f,0.9916611687008252f,0f,1.375f,-1.214434676088189e-16f,-1.578233194950386e-17f,-1f,3.061616997868383e-17f,0f,0f,0f,1f], start_interpolation: 0, interpolation_duration: 1 }