# This file was generated by Animated Java via MC-Build. It is not recommended to edit this file directly.
$data merge entity $(bone_h_head) { transformation: [-0.9542087038010363f,-0.13078413554161236f,0.26903765439242777f,0f,-0.13539177563421004f,0.9907910929852564f,0.0014412327004612f,1.5f,-0.2667486020225073f,-0.03505024895367098f,-0.9631285809108375f,0f,0f,0f,0f,1f], start_interpolation: 0, interpolation_duration: 1 }
$data merge entity $(bone_right_arm) { transformation: [-0.9971712122318163f,0.07516364477678122f,1.2246467991473532e-16f,-0.25f,0.07516364477678122f,0.9971712122318163f,0f,1.375f,-1.2211825332615797e-16f,9.20489169881338e-18f,-1f,-3.061616997868383e-17f,0f,0f,0f,1f], start_interpolation: 0, interpolation_duration: 1 }
$data merge entity $(bone_left_arm) { transformation: [-0.9915004583192469f,-0.13010319424488861f,1.2246467991473532e-16f,0.25f,-0.13010319424488861f,0.9915004583192469f,0f,1.375f,-1.2142378626337994e-16f,-1.593304603908492e-17f,-1f,3.061616997868383e-17f,0f,0f,0f,1f], start_interpolation: 0, interpolation_duration: 1 }