# This file was generated by Animated Java via MC-Build. It is not recommended to edit this file directly.
$data merge entity $(bone_h_head) { transformation: [-0.9602691272858455f,-0.1223812481759845f,0.25081075191580005f,0f,-0.12669210473753795f,0.9919415340992932f,-0.0010504884166151196f,1.5f,-0.24866104194033614f,-0.032784493646064075f,-0.9680355691799334f,0f,0f,0f,0f,1f], start_interpolation: 0, interpolation_duration: 1 }
$data merge entity $(bone_right_arm) { transformation: [-0.9984510986232213f,0.055636351948005744f,1.2246467991473532e-16f,-0.25f,0.055636351948005744f,0.9984510986232213f,0f,1.375f,-1.2227499420340863e-16f,6.813488032936084e-18f,-1f,-3.061616997868383e-17f,0f,0f,0f,1f], start_interpolation: 0, interpolation_duration: 1 }
$data merge entity $(bone_left_arm) { transformation: [-0.991568287215603f,-0.12958522982313808f,1.2246467991473532e-16f,0.25f,-0.12958522982313808f,0.991568287215603f,0f,1.375f,-1.2143209290746115e-16f,-1.586961369196802e-17f,-1f,3.061616997868383e-17f,0f,0f,0f,1f], start_interpolation: 0, interpolation_duration: 1 }