# This file was generated by Animated Java via MC-Build. It is not recommended to edit this file directly.
$data merge entity $(bone_h_head) { transformation: [-0.963559928349047f,-0.1175136214561027f,0.2402973434148849f,0f,-0.12163173033696995f,0.9925725752249632f,-0.0023248841948346373f,1.5f,-0.23823934741182856f,-0.03146794692312424f,-0.9706965445808641f,0f,0f,0f,0f,1f], start_interpolation: 0, interpolation_duration: 1 }
$data merge entity $(bone_right_arm) { transformation: [-0.9989386570101713f,0.0460603900408522f,1.2246467991473532e-16f,-0.25f,0.0460603900408522f,0.9989386570101713f,0f,1.375f,-1.223347028852062e-16f,5.640770923100828e-18f,-1f,-3.061616997868383e-17f,0f,0f,0f,1f], start_interpolation: 0, interpolation_duration: 1 }
$data merge entity $(bone_left_arm) { transformation: [-0.9919166044403294f,-0.12689148842837042f,1.2246467991473532e-16f,0.25f,-0.12689148842837042f,0.9919166044403294f,0f,1.375f,-1.2147474946489606e-16f,-1.5539725514284724e-17f,-1f,3.061616997868383e-17f,0f,0f,0f,1f], start_interpolation: 0, interpolation_duration: 1 }