# This file was generated by Animated Java via MC-Build. It is not recommended to edit this file directly.
$data merge entity $(bone_h_head) { transformation: [-0.9673396212995745f,-0.11160865669882132f,0.22759078367517524f,0f,-0.11547655124413396f,0.99330328721676f,-0.0037075216978015267f,1.5f,-0.22565288204841674f,-0.029867831428870267f,-0.9737498084564535f,0f,0f,0f,0f,1f], start_interpolation: 0, interpolation_duration: 1 }
$data merge entity $(bone_right_arm) { transformation: [-0.9993199734208532f,0.036872628359601714f,1.2246467991473532e-16f,-0.25f,0.036872628359601714f,0.9993199734208532f,0f,1.375f,-1.223814006773866e-16f,4.515594629673616e-18f,-1f,-3.061616997868383e-17f,0f,0f,0f,1f], start_interpolation: 0, interpolation_duration: 1 }
$data merge entity $(bone_left_arm) { transformation: [-0.99245146739887f,-0.12263802370321199f,1.2246467991473532e-16f,0.25f,-0.12263802370321199f,0.99245146739887f,0f,1.375f,-1.2154025128591198e-16f,-1.5018826318189578e-17f,-1f,3.061616997868383e-17f,0f,0f,0f,1f], start_interpolation: 0, interpolation_duration: 1 }